Dataset 1: 0.001, 0.003, 0.005, 0.005, 0.005, 0.006, 0.009, 0.011, 0.013, 0.016, 0.029, 0.036,
0.037, 0.043, 0.044, 0.065, 0.071, 0.075, 0.076, 0.082, 0.084, 0.084, 0.090, 0.098,
0.098, 0.104, 0.107, 0.114, 0.121, 0.127, 0.131, 0.146, 0.149, 0.154, 0.166, 0.176,
0.179, 0.180, 0.202, 0.214, 0.216, 0.222, 0.230, 0.240, 0.250, 0.286, 0.292, 0.297,
0.301, 0.315, 0.316, 0.317, 0.332, 0.347, 0.352, 0.405, 0.408, 0.430, 0.467, 0.746.

Dataset 2: 0.70, 0.84, 0.58, 0.50, 0.55, 0.82, 0.59, 0.71, 0.72, 0.61, 0.62, 0.49, 0.54, 0.72, 0.36, 0.71,
0.35, 0.64, 0.85, 0.55, 0.59, 0.29, 0.75, 0.53, 0.46, 0.60, 0.60, 0.36, 0.52, 0.68, 0.80, 0.55,
0.84, 0.70, 0.34, 0.70, 0.49, 0.56, 0.71, 0.61, 0.57, 0.73, 0.75, 0.58, 0.44, 0.81, 0.80, 0.87,
0.29, 0.50.

Dataset 3: 0.0009, 0.004, 0.0142, 0.0221, 0.0261, 0.0418, 0.0473, 0.0834, 0.1091, 0.1252, 0.1404, 0.1498, 
0.175, 0.2031, 0.2099, 0.2168, 0.2918, 0.3465, 0.4035, 0.6143.
